2792	3101	3370	3649	3879	4033	4261	4411	4701	4897	5011	5369	5612	6199
-2
-2
2643	3004	3221	3471	3685	3996	4400	4937	5178	5522	5819	6121
-2
-2
-2
-2
-2
-2
-2
-2
2701	3027	3193	3430	3667	3954	4277	4505	4748	5088	5432	5746	6004	6199
2662	2941	3161	3304	3577	3799	4010	4255	4435	4974	5279	5666	6053
-2
2717	3004	3176	3421	3699	3960	4247	4572	4905	5344	5552	5828	6117
2681	2993	3249	3503	3843	4183	4522	4894	5207	5522	5742	6070
-2
-2
2737	3028	3254	3450	3529	3785	3940	4392	5372	5587	6199
2642	3015	3238	3522	3741	3897	4109	4328	4654	4938	5259	6036
2687	2973	3216	3704	3992	4069	4360	4665	4834	5573	5975	6199
-2
-2
-2
-2
-2
-2
-2
-2
-2
-2
-2
-2
-2
-2
-2
-2
2763	3086	3222	3364	3657	3925	4035	4308	4641	4860	5237	5503	5703	6020	6199
-2
