2647	 251	 218	 244	 186	 115	 171	  95	 235	 158	  48	 300	 205	 548
-2
-2
1910	 295	 168	 200	 169	 267	 362	 502	 189	 302	 251	 257
-2
-2
-2
-2
-2
-2
-2
-2
2700	 271	 117	 187	 195	 233	 200	 184	 190	  84	 231	 263	 203	 114
2661	 223	 167	  93	 230	 156	 174	 200	 139	 496	 263	 348	 348
-2
2716	 230	 120	 196	 228	 213	 246	 277	 284	 407	 166	 232	 255
2449	 253	 203	 197	 294	 301	 292	 332	 282	 287	 186	 289
-2
-2
1938	 233	 175	 138	  26	 213	  99	 399	 949	 173	 487
2641	 310	 181	 231	 179	  99	 157	 174	 285	 249	 282	 741
1527	 228	 184	 173	 240	  27	 243	 258	 131	 703	 372	 105
-2
-2
-2
-2
-2
-2
-2
-2
-2
-2
-2
-2
-2
-2
-2
-2
2762	 261	  83	  91	 264	 220	  63	 238	 285	 167	 324	 207	 159	 271	  44
-2
