1	2225	2821	3571	3844	4071	4318
1	2260	3104	3326	3932	4335	4552
1081	2226	2795	3954	4340	4635
1	2022	2564	3337	3544	3988	4164	4580
1	2177	2724
1	2269	2571	2695	3031	3239	3455	3908	4132	4420
1	2206	2775	2955	3154	3354	3550	4104	4272	4495
-2
1	2289	2774	2987	3728	4364
1	2213	2524	2779	2979	3206	3487	3739	4092	4370	4568
1	2253	2852	3416	3805	4092	4364
1	2237
1	2283	2793	2903	3035	3311	3571	3785	3923	4387
-2
1	2289	2777	3085	3278	3595	3792	3914	4224
1	2330	2814	3071	3422	3547
-2
1	2176	2760	2969
1	2212	2748	3050	3299	3525	3707	4015	4504
1	2235	2790	3061	3506	3828
1	2243	2722	2935	3115	3378
1	2252	2765	3576	3845	4104	4522
1	2261	2849	3018	3264	4004	4379	4568
1	2234	2498	2710	3000	3759	4036	4414
1	2271	2864	3095	3289	3508	3793	4217
1	2235	2728	3939	4311
1	2263	3350	3448	3536	3777	4106
-2
1	2262	3438	3744	4294
-2
1	2284	2755	2974	3170	3382	3643	3838	4040	4344	4568
1	2249	2413	2757	2925	3212	3503	3781	3963	4223
955	2234	2747	3100	3346	3563	3980	4183	4440
68	2307	2828	2969	3273	3596	3813	4113	4345
1	2249	2784	3571	3810	4058	4336	4440
-2
1	2234	2780	3362	3594	4019	4242
1	2216	2713	2870	3151	3838	4088
-2
1	2266	2666	3134	3380	3854	4365
-2
1	2255	2744	3041	3349	3578	4418
1	2248	2837	2998	3222	3393	3615	3925	4045	4246	4602
1	2240	2875	3290	3490	3709	3887	4044	4204	4471	4620
1	2255	2886	3515	3983
1	2301	2803	3032	3253	3616	3742	3891
1	2255	2873	2919	3022	3279	3593	3812	4124	4316
1	2228	2916	3384	4110	4382
1	2229	2830	3012	3436	3732	3894	4126	4570
-2
1	2221	2723	2890	3164	3885	4111	4356
1	2227	2552	3358	3524	3775	4225	4644
-2
1	2260	2771	2955	3459	3756	3940	4130	4415	4528
1	2223	2756	2930	3234	3435	4109	4519
1	1325	2212	3440	3490	3697	3996
1	2255	2777	3306	3612	4111	4366
1	2214	2818	3013	3266	3500	3720	3816	4127
1	2252	2793	2995	3225	3582	3700	3849	4183
1	2226	2844	3510	3741	4100	4434
-2
1	2227	3256
1	2220	2806	2983	3205
1	2219	2574	2772	3492	3644	3949
1	2244	3554	3943	4260
1	2227	2775	2952	3148	3357	3636	4057
1	2202	2889	3089	3435	3517	3711	3820	4227	4335	4442
1	2248	2886	3135	3365	3637	4006	4315
1	2235	3139	3367	3574	3842	4125
1	2209	2833	3163	3811	4257	4434
1	2201	2894	3140	3561	4074	4671
1	2278	3224	3435	3793	4053	4466
1	2301	2933	3095	3314	3442	3610	3978	4313
1	2285	2788	3111	3817	4159
1	2246	2761	3030	3213	3406	3584	3675	3771	3823	4035	4293
-2
1	2254	2659	2878	3075	3294	3445	3616
1	2279	2562	3554	3956	4157	4359
1	2233	2809	3014	3885	4323	4552
-2
