2172	2766	2963	3684	4023	4271	4542
2206	2481	3278	3485	4287	4510	4699
2172	2736	2871	4295	4586	4672
1873	2505	2798	3381	3951	4110	4549	4699
2120	2665	2840
2228	2524	2648	2928	3184	3411	3577	4086	4374	4699
2150	2714	2897	3119	3297	3505	3795	4220	4462	4625
-2
2141	2714	2940	3151	4035	4699
2155	2481	2722	2927	3194	3436	3579	3982	4300	4514	4699
2199	2716	2984	3756	4021	4324	4699
2185	2731
2151	2750	2853	2952	3271	3526	3738	3869	4346	4699
-2
2232	2719	2949	3117	3555	3709	3858	4157	4396
2166	2753	3038	3347	3484	3789
-2
2123	2704	2915	3222
2156	2689	2995	3264	3468	3664	3972	4447	4674
2187	2724	3009	3466	3769	4009
2186	2684	2878	3052	3329	3626
2197	2705	2923	3798	4065	4490	4640
2209	2791	2956	3199	3430	4339	4520	4647
2175	2450	2650	2953	3217	3983	4296	4699
2216	2800	3037	3254	3344	3745	3991	4462
2184	2669	2978	4253	4699
2209	2676	3422	3484	3740	4059	4428
-2
2207	2772	3697	3871	4699
-2
2130	2699	2933	3117	3332	3581	3800	3993	4298	4518	4699
2187	2362	2712	2877	3160	3428	3716	3887	4145	4409
2180	2687	2899	3293	3513	3849	4157	4253	4511
2253	2746	2910	3224	3552	3761	4020	4281	4501
2204	2733	2937	3757	4024	4212	4361	4641
-2
2187	2725	2956	3536	3949	4184	4699
2169	2677	2821	3102	3374	4039	4213
-2
2105	2485	2796	3331	3807	4110	4699
-2
2206	2688	2891	3307	3523	3770	4699
2198	2694	2959	3177	3335	3571	3858	4021	4158	4296	4637
2188	2708	3235	3443	3655	3838	4010	4173	4404	4509	4699
2204	2713	2967	3917	4699
2247	2741	2972	3190	3565	3671	3831	4039
2205	2739	2906	2965	3207	3459	3646	4079	4265	4461
2174	2734	3331	3509	4240	4557
2179	2764	2963	3121	3612	3843	4092	4371	4634
-2
2168	2669	2834	3106	3324	4054	4315	4699
2148	2485	2826	3498	3564	4177	4475	4699
-2
2210	2716	2910	3077	3701	3893	4081	4294	4480	4699
2168	2698	2877	3185	3383	3630	4439	4699
1278	2159	2775	3465	3531	3953	4699
2200	2715	2960	3543	4055	4289	4640
2157	2767	2945	3213	3449	3618	3764	4074	4628
2205	2739	2939	3182	3524	3623	3754	3990	4378
2175	2713	2965	3672	4029	4374	4699
-2
2174	2720	3508
2162	2732	2928	3159	3420
2151	2527	2713	3023	3580	3905	4206
2193	2892	3828	4205	4699
2174	2719	2895	3113	3316	3427	3679	4581
2150	2761	3039	3388	3466	3656	3764	3846	4280	4397	4699
2197	2778	3072	3323	3588	3956	4202	4488
2181	2784	3167	3532	3790	4087	4375
2151	2777	3115	3327	4015	4286	4699
2145	2771	3086	3425	3726	4246	4699
2227	2740	3367	3735	4004	4392	4676
2247	2860	3032	3282	3385	3559	3692	4246	4699
2231	2735	3052	3304	3962	4316
2189	2697	2970	3174	3357	3572	3622	3715	3811	3918	4123	4327
-2
2202	2497	2815	3023	3244	3391	3565	3881
2154	2512	2779	3892	4105	4312	4670
2178	2754	2967	3102	4185	4368	4613
-2
