145	2850	3152	3405	3693	3918	4090	4316	4466	4739	4963	5069	5407	5651
-2
-2
733	2709	3053	3271	3516	3729	4038	4435	4989	5220	5568	5864
-2
-2
-2
-2
-2
-2
-2
-2
1	2756	3076	3243	3472	3721	4077	4321	4558	5004	5201	5483	5801	6085
1	2718	2994	3211	3347	3643	3836	4055	4296	4478	5016	5318	5705
-2
1	2774	3056	3225	3471	3747	4001	4295	4621	4937	5386	5596	5862
232	2740	3046	3306	3549	3882	4230	4562	4925	5235	5556	5781
-2
-2
799	2795	3079	3312	3503	3572	3841	3993	4423	5414	5712
1	2705	3057	3291	3562	3798	3952	4154	4369	4689	4977	5295
1160	2745	3032	3531	3752	4042	4117	4407	4703	4870	5603	6094
-2
-2
-2
-2
-2
-2
-2
-2
-2
-2
-2
-2
-2
-2
-2
-2
1	2825	3139	3273	3393	3705	3972	4070	4356	4693	4913	5296	5544	5749	6155
-2
