541	142	113	179	200	224
221	174	159	355	175	147
510	 76	341	246	 37
483	234	 44	407	122	385	119
488	116
255	 77	233	153	172	122	178	242	279
508	122	164	143	151	245	116	190	130
-2
425	166	164	307	335
268	198	148	215	230	 92	243	208	144	131
463	132	340	216	232	335
494
467	 60	 49	236	215	167	 84	423	312
-2
430	172	 32	277	114	 66	243	172
423	224	276	 62	242
-2
528	155	253
477	247	214	169	139	265	432	170
489	219	405	263	181
441	156	117	214	248
453	158	222	220	386	118
530	107	181	166	335	141	 79
216	152	243	217	224	260	285
529	173	159	 55	237	198	245
434	250	314	388
413	 72	 36	204	282	322
-2
510	259	127	405
-2
415	178	143	162	199	157	155	258	174	131
113	299	120	235	216	213	106	182	186
453	152	193	167	286	177	 70	 71
439	 82	255	279	165	207	168	156
484	153	186	214	154	 25	201
-2
491	176	174	355	165	457
461	108	232	223	201	125
-2
219	130	197	427	256	334
-2
433	147	266	174	192	281
446	122	179	113	178	243	 96	113	 50	 35
468	360	153	165	129	123	129	200	 38	 79
458	 81	402	716
440	169	158	312	 55	 89	148
484	 33	 46	185	180	 53	267	141	145
506	415	125	130	175
535	133	109	176	111	198	245	 64
-2
448	111	216	160	169	204	343
258	274	140	 40	402	250	 55
-2
456	139	122	242	137	141	164	 65	171
475	121	255	149	195	330	180
834	563	 25	 41	256	703
460	183	237	443	178	274
553	127	200	183	118	 44	258	501
487	146	187	299	 41	 54	141	195
487	121	162	288	274	265
-2
493	252
512	122	176	215
308	139	251	 88	261	257
648	274	262	439
492	120	161	168	 70	 43	524
559	150	299	 31	139	 53	 26	 53	 62	257
530	186	188	223	319	196	173
549	 28	165	216	245	250
568	282	164	204	 29	265
570	192	285	165	172	 28
462	143	300	211	339	210
559	 99	187	 71	117	 82	268	386
450	264	193	145	157
451	209	144	144	166	 38	 40	 40	 95	 88	 34
-2
243	156	145	169	 97	120	265
233	217	338	149	155	311
521	158	 88	300	 45	 61
-2
