142.6
7.83333
81.5
80.6667
29.6047
9.41935
10.6
-2
44
9.125
114
967
9.96667
-2
28.4706
84.4167
-2
233.667
4.88889
45.8667
28.75
155.25
172.333
81.2857
32.75
209.5
30.963
-2
482.5
-2
12.6667
31.4
18.4348
12.5385
37.2778
-2
72.8
31.3
-2
37.3158
-2
29.7742
14.5
12.2857
152
26.4762
18.9231
40.3684
35.0714
-2
106.2
27.1765
-2
35.1
27.6471
56.8333
77
6.09091
22.8148
28.6538
-2
34.75
36.8148
126.714
91.7143
16.2432
14.4524
25.4545
19.7273
39.7222
38.5714
49.8889
18.6471
84.1818
22.1
-2
39.6087
158
48.3158
-2
