3003	3715	3811	4631	4640
2538	2550	2558	2567	2579	2608	2616	2641	2650	2658	2674	2687	2695	2708	2728	2757	2765	2782	2823	2840	2869	2881	2890	2898	2910	2939	2993	3561	3764	3805	3818	3826	3834	4659	4676	4684
2902	3308	3341	3374	3859	3879	3887	3933	4613	4650	4675	4700
1895	2819	3308	3325	3333	3379	3399	3498	4170
2872	3788	3858	3880	3942	3970	3979	3992	3999	4008	4025	4054	4062	4087	4103	4112	4130	4161	4170	4182	4203	4240	4253	4277	4306	4319	4327	4340	4356	4389	4435	4464	4493	4510	4543	4551	4568	4584	4605	4638	4650	4667	4688
2566	2575	2595	2604	2616	2658	2951	2959	2992	3013	3034	3047	3059	3117	3158	3175	3817	3896	3921	3946	3954	3967	4008	4025	4033	4041	4054	4066	4083	4103	4112
3778	4068	4379	4656	4664
-2
2159	3258	3685	3697	3917	4066	4086	4107	4157	4169	4177	4198	4227	4235	4298	4514	4626
2568	2626	2647	2664	2672	2689	2697	2726	2734	3339	3397	3417	3434	3442	3459	3467	3475	3496	3529	3554	3567	3583	3592	3607	3712	3720	3840	4047	4089	4180	4304	4316
2749	2819	3018	3669
2763	2771
2169	2181	2235	2787	2808	2816	2833	2841	2853	2878	2890	2911	2919	2927	2953	2969	3698	3756	3764	3885	3897	3922	3959	3984	4001	4009	4026	4050	4079	4129
-2
3011	3040	3057	3077	3094	3139	3147	3156	3226	3748	4296	4337	4387	4407	4428	4515	4577
2213	2275	2301	3366	3378	3428	3440	3457	3465	3478	3490	3817
-2
3266	3916	3938	4195	4547	4568
3344	3361	3419	3448	3456	3469	3485	3493	3506	3585	3593	3601	3614	3672	3825	3854	3879	3887	3978	3987	4057	4144	4177	4418	4612	4658	4683
2462	2475	2636	3833	3854	3866	3875	3912	3924	3933	3983	4036	4123	4371	4521
3489	3497	3522	3622	3630	3642	3655	3663	3688	3696	3717	3750	3775	3812	3820	3845	3883	3899	3941	3949	3961	3986	4007	4015	4086	4131	4177	4206	4239	4285	4343	4351
2957	4540	4635	4672
3468	4661	4673
2489	2506	2663	3251	4312	4324	4437
3367	3484	3492	3529	4006	4018	4159	4180	4201	4213	4225	4255	4267	4416	4486	4573
3009	3659	3726	3821
2699	2711	2802	3279	3333	3396	3420	3437	3470	3478	4319	4340	4352	4398	4444	4456	4468	4477	4489	4551	4572	4597	4613	4622	4659	4667	4688
-2
2811	3904
-2
2152	2235	3603	3715	3760	3781	4009	4059	4394	4440	4465	4519
2228	2306	2319	2327	2364	3474	3703	3930	4183	4440
2931	3308	3884	3901	3930	3942	3967	3979	4270	4286	4303	4315	4390	4402	4415	4427	4448	4514	4531	4560	4589	4651	4667
3568	3721	3775	3804	3833	3850	3891	3904	3912	3933	3953	3966	3982	3991	4007	4016	4040	4119	4135	4169	4181	4214	4235	4247	4276	4534
2974	3533	3550	4180	4230	4255	4292	4300	4321	4333	4342	4354	4375	4391	4412	4586	4669	4677
-2
2989	3975	3987	4000	4194
3417	3433	3470	3715	4245	4357	4511	4523	4531	4543	4581	4589	4601	4610	4622	4630	4672	4680	4688	4697
-2
2126	2511	2631	2818	3804	3813	3829	3875	3887	3970	3978	3991	4032	4061	4139	4301	4318	4343	4360
-2
2917	3049	3066	3074	3087	3112	3136	3165	3194	3219	3232	3240	3252	3273	3290	3298	3800	4280	4371	4388	4418	4505	4517	4525	4550	4571	4583	4612	4621	4641	4662
2697	2726	2809	3728	3778	3799	3807	3832	3845	3857	3865	3886	3907	3919	3944	3961	3985	4002	4035	4043	4068	4097	4110	4122	4139	4172	4184	4230	4251	4259	4271	4321	4329	4379	4437	4466	4516	4528	4541	4574	4595	4607	4619	4632	4644	4665	4678	4686
2753	2832	4059	4457	4531	4556	4577	4598	4615	4627	4639	4651	4681	4693
2753	2861	2998	3847
3586	3669	3744	3760	3869	3947	3976	4022	4046	4075	4220	4551	4568	4576	4593	4605	4622	4630	4643	4676	4688
2848	2864	2893	2910	2918	2939	2947	2959	3498	3519	3531	3540	3560	3577	3593	3618	3639	3672	3681	3693	3768	4368	4397	4406	4472	4497
2767	2779	2787	2825	2854	3541	3558	3574	3632	3645	3665	3678	3723	3748	3786	3827	4266	4345	4581
3157	3633	3682	4354	4383	4412	4466	4487	4495	4532	4557	4574	4595	4657
-2
2215	2227	3283	3296	3354
2212	2233	2241	2249	2274	2282	2303	2336	2370	2415	2461	2477	2494	2858	3347	3356	3364	3380	3393	3413	3434	3443	3463	3488	3521	3530	3554	3588	3608	3621	3666	3675	4503	4602
-2
3110	3424	3445	4328	4336	4415	4432	4440	4469	4494
3369	3394	3465	3473	3486	3515	3535	3544	3676	3879	3908	4455	4464	4488	4613	4662	4675
2801	2872	3477	3490	3511	3523	3535	3569	3581	3593	3602	3639
2997	3540	4352	4672
3469	3527	3565	3585	3606	3619	3635	3660	3668	3677	3697	3730	3743	3759	3784	3797	3805	3813	3822	3838	3867	3880	3888	3896	3905	3917	3925	3934	3954	3967	3979	3987	4025	4033	4070	4079	4099	4174	4199	4211	4219	4248	4510	4659
3547	3576	3584	3600	3629	3654	3663	3704	3721	3733	3758	3774	3782	3815	3824	3836	3845	3895	3907	3915	4014	4164	4176	4185	4201	4222	4400
2717	2812	2995	3003	3404	3479	3492	3538	3559	3575	3600	3625	3646	3666	3687	4101	4118	4288	4300	4312	4321	4329	4346	4370	4379	4408
-2
2748	3121	3225	3540	3548	3557	3685	3701	3714	3735	3743	3751	4165	4252	4311	4380	4492	4517	4551	4568	4580	4601	4621	4675
3476	3488	3497	3513	3530	3551	3559	3584	3592	3600	3609	3617	3625	3728	3741	3758	3770	3778	3799	3807	3841	3874	3890	3915	3924	3973	3981
2197	3058	3531	3548	3577	4231	4306
2927	3851	3859	3913	3926	4005	4585
3332	3344	3369	3382	3394	3407	3415	3436	3448	3473	3485	3556	3568	3576	3585	3618	3626	3635	3655	3668	3680	3688	3709	3721	3730	3738	3750	3779	4177	4236	4252	4268	4293	4351	4583	4617	4624
2786	2794	2840	2852	2861	3453	3503	3524	3565	3598	3632	3640	3665	3673	3686	3706	3719	3739	3760	3768	3789	3810	3818	3830	3839	3851	3868	3884	4195	4203	4220	4266	4278	4299	4315	4328	4340	4357	4365	4377	4398	4407
2799	2823	2832	4063	4171	4221	4250	4279	4341	4362	4511
2815	3100	3117	3133	3142	3162	3183	3195	3208	3229	3237	3249	3262	3274	3287	3303	3316	4402	4514	4543	4605	4671
3369	4046	4058	4071	4079	4087	4145	4161	4186	4194	4207	4219	4240	4261	4310	4319	4327	4423
2788	2800	2850	2867	3447	3555	3605	3762	4143	4206	4213	4255	4268	4276	4285	4309	4326	4495	4632	4645	4657
2774	2849	3135	3147	3218	4416	4433	4640	4661
3455	3464	3472	3480	3497	3526	3542	3563	3580	3621	3629	3646	3691	3704	3720	4346	4458
3344	3858	3875	3887	3895	3912	3937	3982	4077	4107	4343
3428	3590	3635	3677	3698	3727	3739	3747	3764	3776	3789	3801	3826	3834	3863	3872	3955	4323	4340	4357
-2
2521	3334	3375	3396	3752	3765	3789	3810	3823	3839	3847	3860	3881	3893	3939	3955	3976	4088	4195	4337	4353	4411	4423
2176	2807	4605	4687	4695
3142	4206	4289	4301	4351	4364	4393	4410	4430	4443	4451	4459	4468	4488	4509	4538	4567	4629	4666
-2
