543	 92	 12	  5	 61
4	 4	 5	 8	 8	 4	17	 5	 4	 4	 9	 4	 8	 4	 4	 4	 5	 4	 5	 4	 4	 5	 4	 4	 5	 5	58	 4	 8	 5	 4	 4	42	 4	 4	 8
402	 20	  4	477	 12	  4	 38	  8	  4	  4	  4	  1
95	485	  9	  4	  4	 12	 95	 17	  5
908	 66	  5	 49	 20	  1	  4	  6	  3	  4	  8	  4	  4	  4	  5	  4	  1	  5	  4	  8	  8	  8	  4	  5	  5	  4	  4	  4	  4	  4	  8	  4	  4	  8	  4	  4	 12	 17	 16	  8	 13	  4	  8
5	16	 4	 8	25	 4	 4	29	17	 5	 5	 4	 4	 4	 5	 4	71	 4	 8	 4	 9	16	 4	 4	 4	 4	 4	 4	 4	 5	 4
4	 4	 4	 4	37
-2
96	414	  4	  4	  4	 12	 17	 46	  8	  5	 13	 21	  5	 59	 33	  4	  3
5	 5	 4	 4	 4	 4	 4	 4	 8	 4	 4	 5	 4	 4	 4	 4	 5	21	21	 4	12	 4	11	88	 4	 4	 4	17	 8	 4	 9	 5
66	  9	377	  4
4	1930
8	50	21	17	 4	13	 3	 8	21	 8	17	 4	 4	21	 8	29	 4	 4	 5	 4	 4	 4	 4	 4	 4	 4	 4	 9	 5	 4
-2
25	 13	 16	 13	 37	  5	  5	 62	  9	  5	  4	  4	  8	 13	 83	 58	124
58	 17	  4	  8	  4	  8	  5	  4	  4	  4	 13	884
-2
646	  5	253	348	 17	133
4	 4	 4	 4	 4	 4	 4	 9	 8	 4	 4	 4	 4	12	 4	 8	 4	 4	 5	 4	 4	 4	 5	 4	 5	 4	 4
4	  4	  4	  5	  4	  5	  4	  4	  5	  4	  4	 83	245	133	180
4	  5	  4	  4	  4	  5	  4	 17	  4	  9	 25	 17	 29	  4	 21	 29	 12	 33	  4	  8	 21	  9	  4	 67	 41	 42	 21	 29	 41	 49	  4	350
584	  4	  4	 29
481	  8	 28
13	  4	  5	473	  8	 62	  4
108	  4	  4	  4	  8	132	  8	 16	  8	  4	  5	  4	  4	  4	 83	128
642	 38	 91	 67
8	 79	473	 49	  8	  4	 13	 25	  4	  9	  4	  4	  5	  4	  4	  8	  5	  8	 21	 17	 12	 12	  5	 33	  4	  5	 13
-2
592	373
-2
79	21	 8	 4	 4	 4	 4	 4	 4	 4	12	 4
4	  9	  4	  4	 13	  5	  4	  5	  5	261
108	  5	  4	  4	  8	  4	  4	  5	  8	 13	  8	 71	  4	  4	  8	  8	  4	 13	 21	 20	 54	 12	 34
8	  4	  4	  4	  4	  4	  4	  4	  4	  4	  5	  4	  5	 12	  4	  4	 13	  4	  5	  8	  8	 17	  4	  5	 17	167
555	 13	  4	  4	  4	  4	  4	  9	  8	  4	  8	  4	  4	  5	  4	  9	  4	 24
-2
343	  4	  4	  4	  9
12	 33	241	108	 83	 25	  4	  4	  9	 18	  4	  9	  5	  9	  5	 38	  5	  5	  5	  4
-2
103	112	  5	265	  4	  4	  4	  4	  4	  4	  5	  4	  4	  4	158	  9	  4	  4	  8
-2
103	 13	  4	  5	  8	  8	  9	  9	 21	  9	  4	  8	  5	  4	  4	  4	476	 87	 13	 13	  4	  8	  4	 21	 13	  4	 25	  4	 16	 13	  4
4	74	 8	 5	 4	 4	 4	 4	 4	 4	 9	17	 8	21	12	 4	13	17	 4	 9	21	 9	 4	13	29	 8	42	16	 4	 8	46	 4	42	54	25	42	 4	 9	29	 8	 4	 4	 5	 8	13	 8	 4	 4
75	21	 4	 4	13	 5	 8	 8	 4	 4	 9	 9	 4	 4
99	  4	501	  4
5	  4	  4	  5	  4	  4	  4	  8	  5	141	274	  5	  5	  5	  9	 13	  5	  5	 29	  9	 13
12	 25	  8	  4	 12	  4	  8	 21	  8	  4	  4	  4	 13	 12	 17	  9	 25	  4	  8	 62	  4	  4	  4	  4	  8	204
8	  4	 26	 25	 21	  5	  8	 50	  4	 16	  5	 41	 13	 34	 37	262	 75	 13	120
265	 45	 22	  4	 17	 50	 13	  4	 33	 21	  5	  4	  4	  4
-2
4	  8	  5	  4	510
12	  4	  4	 13	  4	  5	  4	  5	 12	  8	  4	  4	  8	464	  4	  4	  8	  9	 12	 13	  4	 12	 13	 29	  4	 20	 30	 16	  5	  8	  4	 66	 95	 17
-2
310	  4	  5	  4	  4	  4	  4	  4	  4	  8
5	 13	  4	  4	  4	  4	  4	  4	199	 25	174	  4	  4	  5	  4	  9	  4
67	539	  5	  4	  4	  8	  9	  8	  4	  5	 16	 13
295	  4	  5	  4
5	 5	 4	 5	 4	 8	 9	 4	 5	12	 5	 5	 4	 5	 5	 4	 4	 5	 8	 9	 4	 4	 4	 4	 4	 4	 4	 8	 4	 4	 4	 9	 4	 4	 4	12	 4	 4	 4	 4	 5	 5	 4	42
4	  4	  4	  5	  5	  4	 12	  4	  4	  4	  8	  4	 29	  5	  4	  5	 25	  4	  4	  5	146	  8	  5	  4	  5	  4	301
91	  9	  4	397	 71	  9	  4	 12	 12	 21	  8	 16	  4	 17	  4	  4	  4	  8	  8	  5	  4	  4	  8	  5	 12	  4
-2
365	 91	  8	  4	  4	  4	  4	  9	  4	  4	  4	245	  5	  5	  4	  5	  5	  5	  4	  4	  4	  4	 34	  9
4	  5	  4	  4	 12	  4	 12	  4	  4	  4	  4	  4	 99	  5	  4	  8	  4	 17	  4	 30	 16	  4	  5	  5	  4	  4	720
4	373	  4	 25	 16	 70	395
572	  4	 50	  4	  4	  4	  4
4	  5	  9	  4	  8	  4	 12	  8	 21	  4	 67	  4	  4	  5	 29	  4	  4	  4	  4	  4	  4	  9	  4	  5	  4	  4	  5	241	  5	  4	  4	  5	  9	  5	  5	  3	 77
4	 37	  4	  5	  4	  5	  8	  8	  9	  5	  4	  4	  4	  4	  4	  9	  4	 13	  4	  5	 17	  4	  4	  5	  4	  4	  4	307	  4	  9	 13	  4	  4	  8	  9	  8	 13	  4	  8	 17	  5	  8
12	  5	 29	  4	  4	  4	  8	 16	  4	  4	190
248	  9	 12	  5	  4	 17	  4	  5	 17	  4	  8	  5	  8	  9	 12	  9	  8	  8	  4	  4	  4	 30
424	  8	  4	  4	  4	 54	 12	 21	  4	  5	  8	  9	 17	 45	  5	  4	 83	  4
8	 42	 13	  4	 74	  4	  4	295	  5	  4	  5	  5	  4	  4	 20	  8	161	133	  9	  4	  4
71	282	  4	 67	  5	  4	  8	  4	  4
4	  4	  4	  4	  8	  8	  4	  8	  4	  4	  4	  8	  9	  8	228	  4	  4
448	  4	  8	  4	  5	  8	  4	 78	  5	  4	358
4	  4	  5	  4	  4	  8	  4	  5	  8	  9	  8	  4	  4	  5	  5	  4	  4	  5	  4	344
-2
100	  4	  4	  4	  8	  8	 17	  4	  8	  4	  9	  4	  4	  8	 12	 17	108	103	137	 12	 54	  4	278
71	704	  4	  5	  6
712	 75	  8	  5	  9	  8	  8	 12	  4	  4	  4	  4	 16	 17	 12	  8	  4	  4	  4
-2
